Date:2019-04-08 18:11:14.584264. Execution time:1.0020380020141602
Date:2019-04-08 18:15:18.084872. Execution time:1.0018954277038574
Date:2019-04-08 18:18:06.248402. Execution time:1.001873254776001
